1 8.869271
2 8.923972
3 9.052931
4 9.017667
5 9.396569
6 8.929812
7 8.804507
8 8.603118
9 8.188486
10 7.493035
11 7.277889
12 7.166625
13 7.521104
14 8.203993
15 7.738646
16 7.740861
17 7.435792
18 7.542806
19 8.272410
20 7.829764
21 8.144854
22 8.537840
23 8.785611
24 8.197639
25 8.836431
26 8.835361
27 8.646632
28 9.315979
29 8.599694
30 8.399319
31 8.853063
32 8.087014
33 8.005847
34 8.467583
35 8.567979
36 7.908708
37 8.098819
38 7.799889
39 7.923410
40 8.178771
41 8.286854
42 8.116514
43 8.380479
44 8.541056
45 8.125944
46 8.360764
47 8.950812
48 8.616000
49 8.469542
50 8.489535
51 8.325472
52 8.598465
53 8.459764
54 8.473819
55 8.606625
56 8.602146
57 8.380493
58 8.111764
59 8.571604
60 8.659250
61 8.488069
62 8.259208
63 8.053215
64 8.566903
65 8.460049
66 8.638819
67 8.637181
68 8.811278
69 8.656576
70 8.909257
71 8.699111
72 8.527757
73 8.657736
74 8.726507
75 8.852375
76 8.292465
77 8.570590
78 9.001549
79 9.286896
80 8.634819
81 8.536479
82 8.693826
83 8.622576
84 8.369910
85 8.169139
86 8.275972
87 8.325542
88 8.334910
89 8.496208
90 8.754000
91 8.388556
92 8.387444
93 8.493403
94 8.465229
95 8.580000
96 8.537417
97 8.623493
98 8.720194
99 8.575583
100 8.845611
