1 8.501583
2 8.541917
3 8.304417
4 8.220167
5 8.090917
6 8.225167
7 8.379083
8 7.947167
9 8.186083
10 8.178250
11 8.223000
12 8.177000
13 8.165417
14 8.297750
15 8.590500
16 8.593167
17 8.225250
18 8.023333
19 8.130833
20 8.382250
21 8.358750
22 8.571000
23 8.408000
24 8.422167
25 8.506833
26 8.534417
27 8.728833
28 8.522083
29 8.632167
30 8.242417
31 8.633583
32 8.719250
33 8.705250
34 8.338250
35 8.628333
36 8.515750
37 8.554000
38 8.698333
39 8.863667
40 8.760333
41 8.764667
42 8.768667
43 8.728417
44 8.755083
45 8.845000
46 8.584833
47 8.676917
48 8.797083
49 8.746750
50 8.586750
51 8.365250
52 8.625667
53 8.638250
54 8.873750
55 8.560667
56 8.626250
57 8.279583
58 8.732500
59 8.773750
60 8.732667
61 8.583750
62 8.797667
63 8.745917
64 8.856000
65 8.409667
66 8.527417
67 8.599333
68 8.700083
69 8.516333
70 8.595083
71 8.700917
72 8.599250
73 8.499583
74 8.948250
75 8.467500
76 8.744833
77 8.347250
78 8.850250
79 8.692750
80 8.733417
81 8.980333
82 9.165833
83 8.639167
84 9.028167
85 8.691833
86 8.658000
87 8.833583
88 8.994417
89 9.201583
90 8.922000
91 9.234167
92 9.179417
93 8.836583
94 8.866583
95 9.038750
96 9.347083
97 9.038917
98 9.202583
99 9.522667
100 9.285083
