1 2.950000 0.091000
2 4.184000 0.093000
3 6.219000 0.120000
4 9.552000 0.075000
5 11.874000 0.064000
6 14.060000 0.100000
7 14.848000 0.120000
8 14.519000 0.086000
9 12.547000 0.058000
10 9.486000 0.047000
11 6.312000 0.084000
12 3.863000 0.064000
13 3.336000 0.077000
14 3.720000 0.109000
15 6.208000 0.058000
16 9.245000 0.098000
17 12.271000 0.105000
18 14.110000 0.085000
19 15.161000 0.101000
20 14.427000 0.115000
21 12.736000 0.087000
22 9.935000 0.073000
23 7.319000 0.086000
24 4.507000 0.055000
25 4.026000 0.065000
26 4.704000 0.078000
27 6.772000 0.034000
28 9.229000 0.049000
29 12.248000 0.081000
30 14.084000 0.052000
31 15.354000 0.077000
32 14.560000 0.067000
33 12.950000 0.103000
34 9.988000 0.079000
35 6.892000 0.120000
36 4.038000 0.064000
37 3.981000 0.070000
38 4.085000 0.097000
39 6.048000 0.055000
40 9.154000 0.074000
41 12.153000 0.095000
42 14.017000 0.135000
43 14.983000 0.184000
44 14.691000 0.089000
45 12.911000 0.067000
46 10.424000 0.085000
47 6.727000 0.075000
48 5.133000 0.062000
49 3.525000 0.062000
50 4.499000 0.104000
51 6.321000 0.069000
52 9.249000 0.057000
53 11.571000 0.070000
54 13.889000 0.097000
55 14.312000 0.115000
56 14.188000 0.104000
57 12.642000 0.084000
58 10.127000 0.091000
59 7.315000 0.092000
60 4.257000 0.056000
61 3.808000 0.064000
62 3.920000 0.115000
63 6.544000 0.060000
64 9.618000 0.052000
65 12.226000 0.090000
66 14.476000 0.083000
67 15.190000 0.094000
68 14.510000 0.078000
69 13.217000 0.080000
70 10.601000 0.064000
71 7.423000 0.068000
72 4.878000 0.054000
73 3.286000 0.064000
74 4.430000 0.118000
75 6.329000 0.077000
76 9.055000 0.089000
77 11.786000 0.092000
78 14.443000 0.093000
79 15.042000 0.116000
80 14.913000 0.107000
81 12.875000 0.104000
82 10.289000 0.077000
83 6.955000 0.078000
84 4.987000 0.065000
85 4.579000 0.059000
86 4.221000 0.077000
87 6.485000 0.113000
88 9.823000 0.109000
89 12.518000 0.070000
90 14.309000 0.072000
91 15.230000 0.115000
92 14.752000 0.113000
93 12.930000 0.102000
94 10.332000 0.100000
95 7.084000 0.085000
96 4.523000 0.059000
97 2.844000 0.059000
98 3.576000 0.068000
99 6.906000 0.099000
100 9.295000 0.083000
101 12.054000 0.071000
102 14.145000 0.097000
103 15.174000 0.072000
104 14.377000 0.113000
105 12.802000 0.087000
106 10.399000 0.078000
107 7.224000 0.064000
108 4.385000 0.056000
109 3.687000 0.078000
110 4.094000 0.083000
111 6.086000 0.058000
112 9.367000 0.084000
113 12.112000 0.104000
114 14.201000 0.074000
115 15.231000 0.148000
116 14.655000 0.109000
117 13.153000 0.050000
118 10.136000 0.075000
119 7.031000 0.087000
120 4.310000 0.081000
121 3.737000 0.079000
122 4.399000 0.080000
123 6.738000 0.057000
124 9.671000 0.087000
125 12.406000 0.078000
126 14.421000 0.086000
127 15.213000 0.090000
128 14.768000 0.112000
129 12.863000 0.065000
130 10.442000 0.070000
131 7.487000 0.102000
132 4.292000 0.095000
133 3.282000 0.082000
134 3.743000 0.067000
135 6.101000 0.064000
136 9.483000 0.046000
137 11.986000 0.056000
138 14.370000 0.082000
139 15.482000 0.113000
140 15.012000 0.091000
141 12.912000 0.083000
142 10.352000 0.087000
143 6.814000 0.107000
144 4.655000 0.106000
145 3.157000 0.085000
146 3.628000 0.102000
147 6.023000 0.054000
148 9.676000 0.055000
149 12.590000 0.109000
150 14.492000 0.078000
151 15.076000 0.076000
152 14.720000 0.069000
153 13.040000 0.069000
154 10.428000 0.098000
155 7.156000 0.116000
156 4.102000 0.090000
157 3.685000 0.097000
158 4.222000 0.093000
159 6.261000 0.090000
160 9.044000 0.098000
161 12.195000 0.104000
162 14.568000 0.090000
163 15.003000 0.126000
164 14.742000 0.129000
165 13.154000 0.104000
166 10.256000 0.077000
167 7.424000 0.079000
168 4.724000 0.085000
169 3.732000 0.075000
170 3.500000 0.068000
171 6.378000 0.098000
172 9.589000 0.111000
173 12.582000 0.068000
174 14.335000 0.096000
175 14.873000 0.078000
176 14.875000 0.115000
177 13.091000 0.086000
178 10.330000 0.076000
179 6.713000 0.121000
180 4.850000 0.090000
181 3.881000 0.130000
182 4.664000 0.121000
183 6.740000 0.060000
184 9.313000 0.088000
185 12.312000 0.081000
186 14.505000 0.068000
187 15.051000 0.086000
188 14.755000 0.072000
189 12.999000 0.079000
190 10.801000 0.102000
191 7.433000 0.119000
192 5.518000 0.100000
