1850 8.325472 14.867167
1851 8.598465 14.991833
1852 8.459764 15.006500
1853 8.473819 14.955167
1854 8.606625 14.991000
1855 8.602146 15.021083
1856 8.380493 14.879333
1857 8.111764 14.758250
1858 8.571604 14.881500
1859 8.659250 14.929917
1860 8.488069 14.882917
1861 8.259208 14.800667
1862 8.053215 14.740083
1863 8.566903 14.935750
1864 8.460049 14.896500
1865 8.638819 14.996667
1866 8.637181 15.057000
1867 8.811278 15.058667
1868 8.656576 15.096917
1869 8.909257 15.065500
1870 8.699111 15.004333
1871 8.527757 15.005917
1872 8.657736 15.019333
1873 8.726507 15.049250
1874 8.852375 14.957000
1875 8.292465 14.921917
1876 8.570590 14.909417
1877 9.001549 15.282667
1878 9.286896 15.357417
1879 8.634819 15.064417
1880 8.536479 15.008667
1881 8.693826 15.087167
1882 8.622576 15.056583
1883 8.369910 14.963250
1884 8.169139 14.833250
1885 8.275972 14.854417
1886 8.325542 14.835250
1887 8.334910 14.816000
1888 8.496208 14.994083
1889 8.754000 15.113417
1890 8.388556 14.840750
1891 8.387444 14.943833
1892 8.493403 14.882500
1893 8.465229 14.912250
1894 8.580000 14.914750
1895 8.537417 14.969000
1896 8.623493 15.090583
1897 8.720194 15.075333
1898 8.575583 14.886917
1899 8.845611 15.048333
1900 8.905465 15.143917
1901 8.975826 15.073333
1902 8.770368 14.958333
1903 8.663681 14.836583
1904 8.483993 14.810417
1905 8.631097 14.954667
1906 8.763924 15.031917
1907 8.363097 14.874833
1908 8.612340 14.838167
1909 8.591188 14.790333
1910 8.684583 14.819083
1911 8.575917 14.776000
1912 8.590118 14.877167
1913 8.647312 14.908750
1914 9.006375 15.076250
1915 9.006514 15.143750
1916 8.717688 14.901333
1917 8.504694 14.809750
1918 8.571069 14.959833
1919 8.812104 15.006750
1920 8.836229 15.026250
1921 8.980000 15.102083
1922 8.803083 15.012333
1923 8.800681 15.027833
1924 8.925319 15.039333
1925 8.879118 15.090333
1926 9.175736 15.241083
1927 8.960007 15.122250
1928 9.028764 15.132250
1929 8.715035 14.967417
1930 9.033799 15.172500
1931 9.110271 15.228250
1932 9.136771 15.188000
1933 8.774437 15.012917
1934 9.015278 15.144500
1935 8.940146 15.118833
1936 8.940083 15.166167
1937 9.133361 15.300500
1938 9.309806 15.293083
1939 9.077111 15.302333
1940 9.150556 15.372083
1941 9.190472 15.384667
1942 9.127035 15.325333
1943 9.131924 15.345000
1944 9.295917 15.449083
1945 9.037069 15.330750
1946 9.138826 15.262750
1947 9.225507 15.310167
1948 9.184729 15.261167
1949 9.014896 15.222750
1950 8.768354 15.139500
1951 8.983806 15.311167
1952 9.053187 15.363083
1953 9.280063 15.421083
1954 8.977472 15.230583
1955 9.069604 15.174333
1956 8.669715 15.106000
1957 9.099542 15.374083
1958 9.186396 15.382083
1959 9.146222 15.340500
1960 8.944146 15.291917
1961 9.239139 15.379917
1962 9.146410 15.325583
1963 9.281500 15.376667
1964 8.822306 15.117083
1965 8.924201 15.195750
1966 9.034111 15.264667
1967 9.098840 15.294167
1968 8.956028 15.263917
1969 8.960507 15.390500
1970 9.132576 15.332667
1971 8.993604 15.200000
1972 8.893049 15.292917
1973 9.374604 15.404750
1974 8.877292 15.168083
1975 9.167986 15.238667
1976 8.736104 15.131083
1977 9.275354 15.408250
1978 9.105479 15.300917
1979 9.077868 15.414167
1980 9.394028 15.491833
1981 9.553069 15.516167
1982 8.998514 15.341917
1983 9.461431 15.520250
1984 9.150736 15.344167
1985 9.064083 15.340667
1986 9.257132 15.384000
1987 9.369868 15.524500
1988 9.604799 15.555750
1989 9.296333 15.441583
1990 9.634931 15.629333
1991 9.606118 15.598000
1992 9.233382 15.453000
1993 9.269215 15.466417
1994 9.449229 15.535000
1995 9.782424 15.637833
1996 9.431743 15.524667
1997 9.601382 15.713833
1998 9.927139 15.826000
1999 9.678424 15.600333
2000 9.646014 15.610667
2001 9.823549 15.767500
2002 10.031451 15.829167
2003 9.891632 15.826583
2004 9.746882 15.757250
2005 10.102826 15.879250
2006 9.911292 15.813500
2007 10.166264 15.827333
2008 9.852313 15.721250
2009 9.938188 15.827167
2010 10.154007 15.895500
2011 9.921083 15.769500
2012 9.957778 15.802333
2013 10.013375 15.854417
2014 9.964056 15.913000
2015 10.190417 16.058583
