1850 14.867167
1851 14.991833
1852 15.006500
1853 14.955167
1854 14.991000
1855 15.021083
1856 14.879333
1857 14.758250
1858 14.881500
1859 14.929917
1860 14.882917
1861 14.800667
1862 14.740083
1863 14.935750
1864 14.896500
1865 14.996667
1866 15.057000
1867 15.058667
1868 15.096917
1869 15.065500
1870 15.004333
1871 15.005917
1872 15.019333
1873 15.049250
1874 14.957000
1875 14.921917
1876 14.909417
1877 15.282667
1878 15.357417
1879 15.064417
1880 15.008667
1881 15.087167
1882 15.056583
1883 14.963250
1884 14.833250
1885 14.854417
1886 14.835250
1887 14.816000
1888 14.994083
1889 15.113417
1890 14.840750
1891 14.943833
1892 14.882500
1893 14.912250
1894 14.914750
1895 14.969000
1896 15.090583
1897 15.075333
1898 14.886917
1899 15.048333
1900 15.143917
1901 15.073333
1902 14.958333
1903 14.836583
1904 14.810417
1905 14.954667
1906 15.031917
1907 14.874833
1908 14.838167
1909 14.790333
1910 14.819083
1911 14.776000
1912 14.877167
1913 14.908750
1914 15.076250
1915 15.143750
1916 14.901333
1917 14.809750
1918 14.959833
1919 15.006750
1920 15.026250
1921 15.102083
1922 15.012333
1923 15.027833
1924 15.039333
1925 15.090333
1926 15.241083
1927 15.122250
1928 15.132250
1929 14.967417
1930 15.172500
1931 15.228250
1932 15.188000
1933 15.012917
1934 15.144500
1935 15.118833
1936 15.166167
1937 15.300500
1938 15.293083
1939 15.302333
1940 15.372083
1941 15.384667
1942 15.325333
1943 15.345000
1944 15.449083
1945 15.330750
1946 15.262750
1947 15.310167
1948 15.261167
1949 15.222750
1950 15.139500
1951 15.311167
1952 15.363083
1953 15.421083
1954 15.230583
1955 15.174333
1956 15.106000
1957 15.374083
1958 15.382083
1959 15.340500
1960 15.291917
1961 15.379917
1962 15.325583
1963 15.376667
1964 15.117083
1965 15.195750
1966 15.264667
1967 15.294167
1968 15.263917
1969 15.390500
1970 15.332667
1971 15.200000
1972 15.292917
1973 15.404750
1974 15.168083
1975 15.238667
1976 15.131083
1977 15.408250
1978 15.300917
1979 15.414167
1980 15.491833
1981 15.516167
1982 15.341917
1983 15.520250
1984 15.344167
1985 15.340667
1986 15.384000
1987 15.524500
1988 15.555750
1989 15.441583
1990 15.629333
1991 15.598000
1992 15.453000
1993 15.466417
1994 15.535000
1995 15.637833
1996 15.524667
1997 15.713833
1998 15.826000
1999 15.600333
2000 15.610667
2001 15.767500
2002 15.829167
2003 15.826583
2004 15.757250
2005 15.879250
2006 15.813500
2007 15.827333
2008 15.721250
2009 15.827167
2010 15.895500
2011 15.769500
2012 15.802333
2013 15.854417
2014 15.913000
2015 16.058583
