1850 7.900667
1851 8.178583
1852 8.100167
1853 8.041833
1854 8.210500
1855 8.110750
1856 7.995917
1857 7.758167
1858 8.100250
1859 8.252000
1860 7.960833
1861 7.846500
1862 7.558583
1863 8.111833
1864 7.983583
1865 8.177833
1866 8.292167
1867 8.436333
1868 8.247917
1869 8.432083
1870 8.201333
1871 8.115083
1872 8.193833
1873 8.351083
1874 8.433500
1875 7.859583
1876 8.080083
1877 8.539583
1878 8.829750
1879 8.165833
1880 8.118750
1881 8.270917
1882 8.128917
1883 7.976917
1884 7.773667
1885 7.919667
1886 7.954500
1887 7.914917
1888 8.090500
1889 8.319000
1890 7.971667
1891 8.019333
1892 8.065833
1893 8.056750
1894 8.161000
1895 8.147000
1896 8.214917
1897 8.293333
1898 8.178000
1899 8.396333
1900 8.501583
1901 8.541917
1902 8.304417
1903 8.220167
1904 8.090917
1905 8.225167
1906 8.379083
1907 7.947167
1908 8.186083
1909 8.178250
1910 8.223000
1911 8.177000
1912 8.165417
1913 8.297750
1914 8.590500
1915 8.593167
1916 8.225250
1917 8.023333
1918 8.130833
1919 8.382250
1920 8.358750
1921 8.571000
1922 8.408000
1923 8.422167
1924 8.506833
1925 8.534417
1926 8.728833
1927 8.522083
1928 8.632167
1929 8.242417
1930 8.633583
1931 8.719250
1932 8.705250
1933 8.338250
1934 8.628333
1935 8.515750
1936 8.554000
1937 8.698333
1938 8.863667
1939 8.760333
1940 8.764667
1941 8.768667
1942 8.728417
1943 8.755083
1944 8.845000
1945 8.584833
1946 8.676917
1947 8.797083
1948 8.746750
1949 8.586750
1950 8.365250
1951 8.625667
1952 8.638250
1953 8.873750
1954 8.560667
1955 8.626250
1956 8.279583
1957 8.732500
1958 8.773750
1959 8.732667
1960 8.583750
1961 8.797667
1962 8.745917
1963 8.856000
1964 8.409667
1965 8.527417
1966 8.599333
1967 8.700083
1968 8.516333
1969 8.595083
1970 8.700917
1971 8.599250
1972 8.499583
1973 8.948250
1974 8.467500
1975 8.744833
1976 8.347250
1977 8.850250
1978 8.692750
1979 8.733417
1980 8.980333
1981 9.165833
1982 8.639167
1983 9.028167
1984 8.691833
1985 8.658000
1986 8.833583
1987 8.994417
1988 9.201583
1989 8.922000
1990 9.234167
1991 9.179417
1992 8.836583
1993 8.866583
1994 9.038750
1995 9.347083
1996 9.038917
1997 9.202583
1998 9.522667
1999 9.285083
2000 9.201167
2001 9.414583
2002 9.570417
2003 9.525583
2004 9.324583
2005 9.700917
2006 9.532500
2007 9.732167
2008 9.431750
2009 9.505250
2010 9.703083
2011 9.516000
2012 9.507333
2013 9.606500
2014 9.570667
2015 9.831000
