1760 8.719364
1761 7.976143
1762 5.779833
1763 8.388083
1764 8.469333
1765 8.355583
1766 8.849583
1767 9.022000
1768 6.743583
1769 7.985083
1770 7.185167
1771 8.772500
1772 8.606500
1773 7.496750
1774 8.400333
1775 8.251917
1776 8.405667
1777 8.221500
1778 6.781333
1779 7.694583
1780 7.691917
1781 7.853167
1782 8.193500
1783 8.221500
1784 8.772167
1785 9.183083
1786 8.304000
1787 8.256250
1788 8.542250
1789 8.983250
1790 9.432917
1791 8.102583
1792 7.901250
1793 7.680833
1794 7.862000
1795 7.363000
1796 8.258167
1797 8.031833
1798 8.447167
1799 8.334167
1800 7.982333
1801 8.234250
1802 8.089000
1803 8.229167
1804 8.526000
1805 8.350333
1806 8.271000
1807 8.510583
1808 8.670250
1809 8.505750
1810 8.484250
1811 8.589667
1812 8.578167
1813 8.503000
1814 8.844833
1815 8.562750
1816 8.434083
1817 8.281417
1818 7.626833
1819 7.076417
1820 6.922667
1821 6.859500
1822 7.046250
1823 7.739917
1824 7.591750
1825 7.239333
1826 6.937500
1827 6.975667
1828 7.828917
1829 7.369167
1830 7.616250
1831 8.090083
1832 8.188333
1833 7.718667
1834 8.547167
1835 8.389333
1836 8.356583
1837 8.808750
1838 8.165333
1839 7.941833
1840 8.516750
1841 7.639167
1842 7.450167
1843 8.013000
1844 8.146750
1845 7.392500
1846 7.695833
1847 7.375667
1848 7.514917
1849 7.632250
1850 7.796250
1851 7.688167
1852 8.022750
1853 8.173667
1854 7.646333
1855 7.851167
1856 8.552750
1857 8.086000
1858 7.979500
1859 7.984417
1860 7.900667
1861 8.178583
1862 8.100167
1863 8.041833
1864 8.210500
1865 8.110750
1866 7.995917
1867 7.758167
1868 8.100250
1869 8.252000
1870 7.960833
1871 7.846500
1872 7.558583
1873 8.111833
1874 7.983583
1875 8.177833
1876 8.292167
1877 8.436333
1878 8.247917
1879 8.432083
1880 8.201333
1881 8.115083
1882 8.193833
1883 8.351083
1884 8.433500
1885 7.859583
1886 8.080083
1887 8.539583
1888 8.829750
1889 8.165833
1890 8.118750
1891 8.270917
1892 8.128917
1893 7.976917
1894 7.773667
1895 7.919667
1896 7.954500
1897 7.914917
1898 8.090500
1899 8.319000
1900 7.971667
1901 8.019333
1902 8.065833
1903 8.056750
1904 8.161000
1905 8.147000
1906 8.214917
1907 8.293333
1908 8.178000
1909 8.396333
1910 8.501583
1911 8.541917
1912 8.304417
1913 8.220167
1914 8.090917
1915 8.225167
1916 8.379083
1917 7.947167
1918 8.186083
1919 8.178250
1920 8.223000
1921 8.177000
1922 8.165417
1923 8.297750
1924 8.590500
1925 8.593167
1926 8.225250
1927 8.023333
1928 8.130833
1929 8.382250
1930 8.358750
1931 8.571000
1932 8.408000
1933 8.422167
1934 8.506833
1935 8.534417
1936 8.728833
1937 8.522083
1938 8.632167
1939 8.242417
1940 8.633583
1941 8.719250
1942 8.705250
1943 8.338250
1944 8.628333
1945 8.515750
1946 8.554000
1947 8.698333
1948 8.863667
1949 8.760333
1950 8.764667
1951 8.768667
1952 8.728417
1953 8.755083
1954 8.845000
1955 8.584833
1956 8.676917
1957 8.797083
1958 8.746750
1959 8.586750
1960 8.365250
1961 8.625667
1962 8.638250
1963 8.873750
1964 8.560667
1965 8.626250
1966 8.279583
1967 8.732500
1968 8.773750
1969 8.732667
1970 8.583750
1971 8.797667
1972 8.745917
1973 8.856000
1974 8.409667
1975 8.527417
1976 8.599333
1977 8.700083
1978 8.516333
1979 8.595083
1980 8.700917
1981 8.599250
1982 8.499583
1983 8.948250
1984 8.467500
1985 8.744833
1986 8.347250
1987 8.850250
1988 8.692750
1989 8.733417
1990 8.980333
1991 9.165833
1992 8.639167
1993 9.028167
1994 8.691833
1995 8.658000
1996 8.833583
1997 8.994417
1998 9.201583
1999 8.922000
2000 9.234167
2001 9.179417
2002 8.836583
2003 8.866583
2004 9.038750
2005 9.347083
2006 9.038917
2007 9.202583
2008 9.522667
2009 9.285083
2010 9.201167
2011 9.414583
2012 9.570417
2013 9.525583
2014 9.324583
2015 9.700917
