1850	7.900667	8.777083	7.024250
1851	8.178583	9.060500	7.296667
1852	8.100167	9.018417	7.181917
1853	8.041833	8.876833	7.206833
1854	8.210500	9.036167	7.384833
1855	8.110750	8.997917	7.223583
1856	7.995917	8.756667	7.235167
1857	7.758167	8.509250	7.007083
1858	8.100250	8.800000	7.400500
1859	8.252000	8.926667	7.577333
1860	7.960833	8.586833	7.334833
1861	7.846500	8.499917	7.193083
1862	7.558583	8.247500	6.869667
1863	8.111833	8.859833	7.363833
1864	7.983583	8.660000	7.307167
1865	8.177833	8.840000	7.515667
1866	8.292167	8.898167	7.686167
1867	8.436333	9.071167	7.801500
1868	8.247917	8.794250	7.701583
1869	8.432083	9.027750	7.836417
1870	8.201333	8.751500	7.651167
1871	8.115083	8.685333	7.544833
1872	8.193833	8.782917	7.604750
1873	8.351083	8.901583	7.800583
1874	8.433500	8.951417	7.915583
1875	7.859583	8.311083	7.408083
1876	8.080083	8.513583	7.646583
1877	8.539583	8.995500	8.083667
1878	8.829750	9.254667	8.404833
1879	8.165833	8.629250	7.702417
1880	8.118750	8.533667	7.703833
1881	8.270917	8.690250	7.851583
1882	8.128917	8.508833	7.749000
1883	7.976917	8.347583	7.606250
1884	7.773667	8.169917	7.377417
1885	7.919667	8.344667	7.494667
1886	7.954500	8.340500	7.568500
1887	7.914917	8.307000	7.522833
1888	8.090500	8.472917	7.708083
1889	8.319000	8.688833	7.949167
1890	7.971667	8.314667	7.628667
1891	8.019333	8.354667	7.684000
1892	8.065833	8.404667	7.727000
1893	8.056750	8.402000	7.711500
1894	8.161000	8.478250	7.843750
1895	8.147000	8.446250	7.847750
1896	8.214917	8.523750	7.906083
1897	8.293333	8.607167	7.979500
1898	8.178000	8.503667	7.852333
1899	8.396333	8.721083	8.071583
1900	8.501583	8.816333	8.186833
1901	8.541917	8.848167	8.235667
1902	8.304417	8.597167	8.011667
1903	8.220167	8.510167	7.930167
1904	8.090917	8.377333	7.804500
1905	8.225167	8.503917	7.946417
1906	8.379083	8.654000	8.104167
1907	7.947167	8.204333	7.690000
1908	8.186083	8.460833	7.911333
1909	8.178250	8.441000	7.915500
1910	8.223000	8.483083	7.962917
1911	8.177000	8.424833	7.929167
1912	8.165417	8.423833	7.907000
1913	8.297750	8.560000	8.035500
1914	8.590500	8.842417	8.338583
1915	8.593167	8.839333	8.347000
1916	8.225250	8.485667	7.964833
1917	8.023333	8.284000	7.762667
1918	8.130833	8.399083	7.862583
1919	8.382250	8.649000	8.115500
1920	8.358750	8.621417	8.096083
1921	8.571000	8.827833	8.314167
1922	8.408000	8.666583	8.149417
1923	8.422167	8.675250	8.169083
1924	8.506833	8.763667	8.250000
1925	8.534417	8.775167	8.293667
1926	8.728833	8.971500	8.486167
1927	8.522083	8.771000	8.273167
1928	8.632167	8.880750	8.383583
1929	8.242417	8.494167	7.990667
1930	8.633583	8.873250	8.393917
1931	8.719250	8.957000	8.481500
1932	8.705250	8.954167	8.456333
1933	8.338250	8.580917	8.095583
1934	8.628333	8.868417	8.388250
1935	8.515750	8.751667	8.279833
1936	8.554000	8.797083	8.310917
1937	8.698333	8.938417	8.458250
1938	8.863667	9.104167	8.623167
1939	8.760333	8.997667	8.523000
1940	8.764667	8.995750	8.533583
1941	8.768667	8.996500	8.540833
1942	8.728417	8.957917	8.498917
1943	8.755083	8.981667	8.528500
1944	8.845000	9.070167	8.619833
1945	8.584833	8.805167	8.364500
1946	8.676917	8.899333	8.454500
1947	8.797083	9.014167	8.580000
1948	8.746750	8.956333	8.537167
1949	8.586750	8.795000	8.378500
1950	8.365250	8.551583	8.178917
1951	8.625667	8.809833	8.441500
1952	8.638250	8.847000	8.429500
1953	8.873750	9.085833	8.661667
1954	8.560667	8.747833	8.373500
1955	8.626250	8.779833	8.472667
1956	8.279583	8.400417	8.158750
1957	8.732500	8.890500	8.574500
1958	8.773750	8.878083	8.669417
1959	8.732667	8.839833	8.625500
1960	8.583750	8.677250	8.490250
1961	8.797667	8.894667	8.700667
1962	8.745917	8.878833	8.613000
1963	8.856000	8.948333	8.763667
1964	8.409667	8.502167	8.317167
1965	8.527417	8.636250	8.418583
1966	8.599333	8.691583	8.507083
1967	8.700083	8.783750	8.616417
1968	8.516333	8.628000	8.404667
1969	8.595083	8.680250	8.509917
1970	8.700917	8.776500	8.625333
1971	8.599250	8.697167	8.501333
1972	8.499583	8.594917	8.404250
1973	8.948250	9.049000	8.847500
1974	8.467500	8.572000	8.363000
1975	8.744833	8.841917	8.647750
1976	8.347250	8.447833	8.246667
1977	8.850250	8.934917	8.765583
1978	8.692750	8.796583	8.588917
1979	8.733417	8.819833	8.647000
1980	8.980333	9.087000	8.873667
1981	9.165833	9.253083	9.078583
1982	8.639167	8.721833	8.556500
1983	9.028167	9.122167	8.934167
1984	8.691833	8.794417	8.589250
1985	8.658000	8.751250	8.564750
1986	8.833583	8.918583	8.748583
1987	8.994417	9.079583	8.909250
1988	9.201583	9.281667	9.121500
1989	8.922000	9.010000	8.834000
1990	9.234167	9.320500	9.147833
1991	9.179417	9.241500	9.117333
1992	8.836583	8.919917	8.753250
1993	8.866583	8.947917	8.785250
1994	9.038750	9.109667	8.967833
1995	9.347083	9.423500	9.270667
1996	9.038917	9.123667	8.954167
1997	9.202583	9.291167	9.114000
1998	9.522667	9.596583	9.448750
1999	9.285083	9.364333	9.205833
2000	9.201167	9.284667	9.117667
2001	9.414583	9.502000	9.327167
2002	9.570417	9.642833	9.498000
2003	9.525583	9.616250	9.434917
2004	9.324583	9.408000	9.241167
2005	9.700917	9.776083	9.625750
2006	9.532500	9.622500	9.442500
2007	9.732167	9.821667	9.642667
2008	9.431750	9.510667	9.352833
2009	9.505250	9.591167	9.419333
2010	9.703083	9.786500	9.619667
2011	9.516000	9.598000	9.434000
2012	9.507333	9.590750	9.423917
2013	9.606500	9.704167	9.508833
2014	9.570667	9.660833	9.480500
2015	9.831000	9.923167	9.738833
