1850 13.476667
1851 13.081000
1852 13.397333
1853 13.886583
1854 13.977417
1855 13.493167
1856 13.470250
1857 13.437583
1858 13.683000
1859 13.860333
1860 13.960250
1861 13.856750
1862 14.247250
1863 13.619917
1864 13.918917
1865 14.298083
1866 14.165917
1867 14.146750
1868 14.097917
1869 14.069500
1870 14.210083
1871 13.983833
1872 14.285083
1873 14.010167
1874 13.883500
1875 14.008417
1876 13.934833
1877 14.430333
1878 14.742167
1879 14.065750
1880 13.913417
1881 14.050417
1882 14.114250
1883 13.962250
1884 13.692083
1885 13.911583
1886 13.946500
1887 13.890083
1888 13.909167
1889 14.294083
1890 13.928917
1891 14.033333
1892 13.970583
1893 13.936667
1894 14.040500
1895 14.077667
1896 14.107917
1897 14.186750
1898 14.231833
1899 14.331583
1900 14.389500
1901 14.512167
1902 14.364250
1903 14.085750
1904 14.063667
1905 14.082167
1906 14.244000
1907 13.807833
1908 14.038750
1909 14.026583
1910 14.097333
1911 13.987833
1912 14.053333
1913 14.201750
1914 14.314500
1915 14.474167
1916 14.097167
1917 13.925917
1918 13.961083
1919 14.156333
1920 14.142667
1921 14.424417
1922 14.205250
1923 14.181750
1924 14.223833
1925 14.344333
1926 14.452250
1927 14.297833
1928 14.362167
1929 13.956417
1930 14.326250
1931 14.419750
1932 14.432083
1933 14.078333
1934 14.384250
1935 14.286917
1936 14.314583
1937 14.476333
1938 14.649917
1939 14.594667
1940 14.579083
1941 14.536167
1942 14.534250
1943 14.603000
1944 14.727167
1945 14.438750
1946 14.481500
1947 14.562500
1948 14.615583
1949 14.414667
1950 14.173750
1951 14.430167
1952 14.462583
1953 14.639250
1954 14.286583
1955 14.329083
1956 14.023667
1957 14.381917
1958 14.477500
1959 14.416500
1960 14.317417
1961 14.514917
1962 14.540167
1963 14.612250
1964 14.156833
1965 14.268417
1966 14.325917
1967 14.406500
1968 14.164250
1969 14.212083
1970 14.403250
1971 14.352750
1972 14.164917
1973 14.566000
1974 14.081917
1975 14.383667
1976 14.008000
1977 14.485500
1978 14.281250
1979 14.457750
1980 14.672917
1981 14.855167
1982 14.300917
1983 14.679833
1984 14.342667
1985 14.267167
1986 14.516833
1987 14.699833
1988 14.890000
1989 14.621500
1990 14.957667
1991 14.839583
1992 14.471333
1993 14.519750
1994 14.729250
1995 15.026417
1996 14.737250
1997 14.868000
1998 15.169417
1999 14.982750
2000 14.898833
2001 15.159167
2002 15.312333
2003 15.249333
2004 15.018000
2005 15.349833
2006 15.262000
2007 15.533083
2008 15.191750
2009 15.266583
2010 15.449000
2011 15.284833
2012 15.332833
2013 15.373833
2014 15.313583
2015 15.572667
