1850 1.964333
1851 2.203917
1852 2.337000
1853 1.892500
1854 1.762167
1855 1.702833
1856 1.525083
1857 1.856833
1858 2.110750
1859 2.460167
1860 2.344167
1861 2.262750
1862 2.482750
1863 2.767083
1864 2.410167
1865 2.551833
1866 2.432250
1867 2.463667
1868 2.369667
1869 2.165083
1870 2.424833
1871 2.158000
1872 2.187417
1873 1.904083
1874 2.061667
1875 1.614167
1876 2.134667
1877 2.648583
1878 2.981667
1879 2.078917
1880 2.054417
1881 2.426417
1882 2.272583
1883 1.880167
1884 1.647750
1885 1.874250
1886 1.971167
1887 1.906917
1888 1.954083
1889 2.348083
1890 1.850750
1891 1.905500
1892 1.981667
1893 1.907167
1894 2.123750
1895 2.075833
1896 2.114750
1897 2.294083
1898 2.153000
1899 2.430083
1900 2.575667
1901 2.490500
1902 2.203750
1903 2.283333
1904 2.171083
1905 2.343250
1906 2.486417
1907 2.003167
1908 2.174750
1909 2.157583
1910 2.157667
1911 2.250167
1912 2.201000
1913 2.319083
1914 2.687083
1915 2.643750
1916 2.262500
1917 2.019583
1918 2.185667
1919 2.451083
1920 2.445750
1921 2.677083
1922 2.433333
1923 2.456250
1924 2.506167
1925 2.541500
1926 2.768583
1927 2.535250
1928 2.668250
1929 2.301083
1930 2.740000
1931 2.818583
1932 2.762500
1933 2.424417
1934 2.766583
1935 2.587750
1936 2.639417
1937 2.750000
1938 3.033000
1939 2.880667
1940 2.890333
1941 2.914833
1942 2.920083
1943 2.936583
1944 3.059667
1945 2.772333
1946 2.830583
1947 2.964583
1948 2.915417
1949 2.802167
1950 2.578583
1951 2.735667
1952 2.820167
1953 3.107667
1954 2.865833
1955 2.861417
1956 2.561750
1957 3.001000
1958 3.114500
1959 3.108583
1960 2.932583
1961 3.128750
1962 3.008583
1963 3.157583
1964 2.768833
1965 2.841417
1966 2.899417
1967 3.037083
1968 2.857250
1969 2.962917
1970 3.042750
1971 2.962250
1972 2.844833
1973 3.370167
1974 2.900917
1975 3.121083
1976 2.734167
1977 3.294583
1978 3.170917
1979 3.200083
1980 3.404667
1981 3.635917
1982 3.239917
1983 3.552417
1984 3.186750
1985 3.175667
1986 3.319333
1987 3.431417
1988 3.654000
1989 3.334333
1990 3.658750
1991 3.622167
1992 3.263500
1993 3.284583
1994 3.396083
1995 3.703500
1996 3.381167
1997 3.590167
1998 3.949167
1999 3.662333
2000 3.581833
2001 3.740667
2002 3.864583
2003 3.851583
2004 3.664417
2005 4.113833
2006 3.864833
2007 4.009250
2008 3.724833
2009 3.796917
2010 4.023917
2011 3.827667
2012 3.756167
2013 3.911333
2014 3.877750
2015 4.148833
